1.5378736
21.5378736
67.5384453
67.5384453
74.1921424
143.980226
143.980226
143.980226
143.980226
225.431217
43.9820418
99.2777921
99.2777921
195.868578
224.859956
224.859956
224.859956
224.859956
224.859956
224.859956
224.859956
224.859956
300.803225
300.803225
300.803225
300.803225
300.803225
300.803225
300.803225
300.803225
300.803225
372.645274
372.645274
425.961125
489.03505
489.03505
494.974747
536.269783
536.269783
536.269783
609.526045
693.530331
693.530331
693.530331
693.530331
693.530331
693.530331
693.530331
693.530331
693.530331
693.530331
693.530331
693.530331
693.530331
693.530331
693.530331
693.530331
693.530331
693.530331
693.530331
867.902863
254.4853
165.85
4.6484
102.89
4.6484
66.17
22.24
67.39
81.99
22.24
500.9816
45.67
42.7332
42.7332
40.6421
500.9816
45.67
40.6421
42.7332
45.67
42.7332
42.7332
45.97
40.6421
32.0161
21.34
29.84
163
163
163.3304
163.3304
163
158.4118
163
163.3304
64.87
157.17
157.17
26.8947
161.14
19.27
8.69
19.27
9.72
78.94
22.94
49.64
23.94
485.23
36.66
36.66
26.51
42.03
116.85
54.96
145.96
168.93
115.89
46.32
66.89
66.89
69.11
66.89
57.61
66.89
66.89
57.61
66.89
57.61
361.01
74.67
22.94
24.943
22.94
22.94
49.64
22.94
48.7488
12.4494
103.8113
5.2447
189.29
76.88
61.67
76.77
61.67
145.96
27.06
27.06
27.06
124.48
73.76
157.85
73.76
78.22
78.22
78.22
49.03
148.08
262.35
232.89
372.76
322.2
133.26
164
47.91
97.56
97.56
97.56
97.56
96.84
110.76
154.11
44.34
145.45
82.27
44.34
44.34
39.76
103.9
144.25
103.9
59.59
150.7
216.22
48.61
48.61
49.09
51.59
48.61
22.2789
22.2789
22.2789
12.0481
12.0481
254.4853
68.4875
78.1777
68.4875
78.1777
99.0228
99.0228
13.6633
158.5116
68.0574
68.0574
31.6242
50.6361
56.0339
56.0339
56.0339
50.6361
79.2109
219.1406
219.1406
80.6832
77.5221
84.6341
16.0109
13.8672
16.0109
16.0109
9.6242
179.5227
9.6242
0.5
9.1749
0.5
9.1749
0.5
32.457
553.9849
32.457
603.299
32.457
22.1101
304.6677
32.457
13
32.457
9.5866
9.5866
12.986
14.5165
12.986
14.5165
12.986
12.986
14.5165
51.6421
12.986
14.5165
51.1508
12.986
51.43
34.3602
51.8293
6.134
6.134
6.134
6.134
6.134
55.2815
55.2815
61.5481
80.944
100
74.7689
77.9608
74.7689
22.8366
22.8366
22.8366
22.8366
13.9746
13.9746
13.9746
20.6017
18.2423
16.4977
18.2423
16.4977
219.528
219.528
215.1333
152.4232
80.4895
80.4895
259.9023
28.4766
134.7091
295.3052
179.9174
18.8703
21.6767
141.0827
6.8496
77.9608
20.4056
20.4056
143.5244
62.1997
14.5171
186.8338
38
38
38
33.5072
245.7556
245.7556
245.7556
245.7556
162.8913
89.2497
64.2509
156.6018
58.2473
164.475
104.22
83.0392
64.4913
195.1593
115.3636
272.9132
193.2921
269
168.4237
259.9023
254.0593
112.2067
219.0974
116.5013
179.94
179.94
122.8232
198.0512
105.7483
192.7133
67.3985
38.9339
63.2741
63.5623
13.7485
28.2553
28.2553
17.4957
321.5834
205.705
198.4701
56.7269
279.2618
152.9776
175.6369
57.4421
193.2921
78.021
36.971
10.6563
108.4541
108.4541
108.4541
70.7025
105.7161
155.0312
6.3363
13.6992
51.7131
6.9831
238.8864
212.7668
212.7668
212.7668
80.4895
70.9964
10.5165
176.4603
10.5165
10.5165
17.6155
10.5165
221.0504
10.5165
10.5165
10.5165
2.0532
3.0532
3.0532
11
61.3219
61.7637
216.1098
0.5
216.1098
0.5
216.1098
0.5
771.1032
3.1974
8.7227
6.6497
0.5
48.7962
51.1405
0.5
0.5
51.1405
48.7962
0.5
51.1405
0.5
84.8921
78
48.7962
51.1405
0.5
51.1405
78
78
78
48.7962
48.7962
48.7962
48.7962
15
20
15
15
13.5374
990.211
